4740336531
3576227855
3858310537
4570573140
1552007747
2178880078
1343402072
2655698952
7350779312
4878989952
1074630054
3368022821
1573411010
2061634808
2769463979
1362970370
3529047083
2980781296
2289512841
9502890594
7833006777
8906739993
7022617335
1335666607
9215858850
9031186710
8615752237
2947071981
2350283227
6227633702
4679439596
-
6881463826
9600196730
7323251409
6973128828
3376172111
4618937871
2024866151
7430888390
3132500396
9230509544
3645405662
4013362962
7931970915
9329484396
3399638306
8774840600
2258753654
1558393410
2790444077
4139088973
5662060841
4595947939
5787820200
2931835691
8161711689
6891274637
3911956918
4624841278
8195788345
9238722650
2388917631
7487657010
5258766206
6861030978
3970960501
3444137958
9319793649
1005122358
3417103020
9590680683
8926645919
4859390293
6606549609
1189098692
3772282264
8372533507
9407435937
7965915280
4623761224
8721518201
6134567682
4648641653
4295415985
8546054590
4647861015
5587468345
2907861429
3021782065
5334654895
2470146937
5013911919
3802371243
5529529451
3664802660
9910699331
7087857950
7369232386
8633048603
1361730325
6248126983
1758900349
-
5338424965
1027834083
1681511795
2336589707
2126454222
8923630561
5047034758
4206650997
6065070083
6367935710
5405015575
3129445012
5113494049
7891615081
5746914507
9695502895
4436528974
9429549810
9095970028
5922373763
7287974433
6961754399
7485888645
8836927376
6591927708
1784900585
4920066381
5644180047
8258292811
7590344375
4722990095
3228999189
6940454359
1693535028
3289918960
2743477653
9055220544
8626327512
9807997563
7397312212
1555461755
2797583523
3706157915
5248324759
9808717531
7110760100
6433671785
2050145210
9550309522
5979207551
9666370228
5991223679
2878947939
9684205951
3853245640
7278378322
1009159169
5413711685
8170691610
9660230273
3416238790
6718125257
9851687217
7810515092
6560497669
6033568836
6387141551
2349986303
2175048249
3956850088
8198891244
-
2137032723
5489025460
2508316588
5374876093
3980729150
6323034087
3194366650
7649413513
2582589750
2138906605
8810411113
2551744617
2191669517
3484087174
8658067832
4197187612
7033462872
6281180305
4877156754
9028200374
5188607258
1574291089
2768343844
9864342253
8008423624
5523409077
1349584459
3259439369
9739577858
8804181569
8633168641
-
2